7417540
7417526
7417518
7417490
7417488
7417486
7417484
7417421
7417370
7417328
7417327
7417214
7417213
7417206
7417203
7417200
7417198
7417197
7417193
7417191
7417176
7417080
7417002
7417001
7417000
7416998
7416997
7416986
7416985
7416983
7416982
7416980
7416979
7416977
7416962
7416961
7416953
7416935
7416934
7416932
7416931
7416925
7416924
7416915
7416898
7416897
7416894
7416893
7416885
7416884
7416883
7416878
7416877
7416873
7416867
7416860
7416859
7416853
7416852
7416847
7416846
7416845
7416833
7416828
7416826
7416820
7416818
7416811
7416796
7416795
7416794
7416793
7416780
7416779
7416767
7416753
7416751
7416749
7416733
7416716
7416694
7416682
7416680
7416667
7416664
7416660
7416644
7416636
7416553
7416552
7416551
7416550
7416549
7416548
7416547
7416546
7416545
7416544
7416473
7416461
7416430
7416394
7416393
7416392
7416391
7416390
7416389
7416388
7416387
7416386
7416385
7416372
7416371
7416311
7416286
7416285
7416283
7416282
7416280
7416278
7416277
7416275
7416272
7416270
7416267
7416266
7416265
7416264
7416259
7416240
7416239
7416238
7416237
7416236
7416235
7416232
7416231
7416230
7416229
7416228
7416227
7416226
7416225
7416224
7416216
7416211
7416197
7416133
7416132
7416126
7416123
7416121
7416107
7416098
7416097
7416096
7416078
7416076
7416075
7416065
7416029
7416012
7416011
7416007
7416006
7416001
7416000
7415996
7415994
7415993
7415987
7415986
7415983
7415982
7415981
7415980
7415979
7415978
7415977
7415976
7415975
7415964
7415963
7415962
7415959
7415944
7415942
7415938
7415933
7415928
7415926
7415925
7415923
7415922
7415918
7415914
7415904
7415903
7415902
7415901
7415899
7415898
7415897
7415896
7415895
7415879
7415878
7415877
7415876
7415873
7415871
7415868
7415866
7415862
7415858
7415855
7415853
7415851
7415847
7415845
7415843
7415833
7415830
7415822
7415821
7415820
7415817
7415815
7415813
7415812
7415811
7415810
7415808
7415807
7415806
7415804
7415803
7415802
7415799
7415798
7415797
7415796
7415792
7415791
7415788
7415787
7415786
7415785
7415784
7415783
7415782
7415781
7415779
7415778
7415777
7415776
7415775
7415774
7415773
7415772
7415763
7415762
7415761
7415760
7415759
7415758
7415744
7415743
7415737
7414928
7414917
7414871
7414661
7414660
7414659
7414658
7414657
7414656
7414655
7414654
7414653
7414652
7414651
7414650
7414649
7414648
7414647
7414646
7414642
7414641
7414640
7414639
7414638
7414637
7414636
7414635
7414634
7414632
7414631
7414630
7414629
7414628
7414627
7414626
7414625
7414624
7414621
7414620
7414619
7414618
7414617
7414616
7414615
7414614
7414613
7414610
7414609
7414608
7414607
7414606
7414605
7414604
7414603
7414602
7414598
7414597
7414596
7414595
7414594
7414593
7414592
7414591
7414590
7414444
7414443
7414361
7414360
7414356
7414355
7414344
7414342
7414335
7414334
7414322
7414321
7414319
7414318
7414280
7414274
7414235
7414234
7414207
7414203
7414199
7414044
7414042
7414041
7414040
7414039
7414033
7414030
7414009
7413994
7413990
7413958
7413957
7413956
7413955
7413951
7413950
7413949
7413948
7413927
7413917
7413911
7413858
7413857
7413856
7413854
7413833
7413830
7413829
7413828
7413827
7413826
7413825
7413808
7413807
7413802
7413764
7413720
7413719
7413718
7413717
7413716
7413715
7413714
7413713
7413712
7413711
